No existing weights found. Training from scratch.
Episode   200 | mean return  -1016.1 | success rate   0.0%
Episode   400 | mean return  -1019.0 | success rate   0.0%
Episode   600 | mean return  -1019.1 | success rate   0.0%
Episode   800 | mean return  -1016.5 | success rate   0.0%
Episode  1000 | mean return  -1019.1 | success rate   0.0%
phase=train, time=morning
steps=101
trajectory=[(1, 1), (1, 2), (1, 3), (1, 4), (1, 5), (2, 5), (1, 5), (2, 5), (1, 5), (2, 5), (1, 5), (2, 5), (1, 5), (2, 5), (1, 5), (2, 5), (1, 5), (2, 5), (1, 5), (2, 5), (1, 5), (2, 5), (1, 5), (2, 5), (1, 5), (2, 5), (1, 5), (2, 5), (1, 5), (2, 5), (1, 5), (2, 5), (1, 5), (2, 5), (1, 5), (2, 5), (1, 5), (2, 5), (1, 5), (2, 5), (1, 5), (2, 5), (1, 5), (2, 5), (1, 5), (2, 5), (1, 5), (2, 5), (1, 5), (2, 5), (1, 5), (2, 5), (1, 5), (2, 5), (1, 5), (2, 5), (1, 5), (2, 5), (1, 5), (2, 5), (1, 5), (2, 5), (1, 5), (2, 5), (1, 5), (2, 5), (1, 5), (2, 5), (1, 5), (2, 5), (1, 5), (2, 5), (1, 5), (2, 5), (1, 5), (2, 5), (1, 5), (2, 5), (1, 5), (2, 5), (1, 5), (2, 5), (1, 5), (2, 5), (1, 5), (2, 5), (1, 5), (2, 5), (1, 5), (2, 5), (1, 5), (2, 5), (1, 5), (2, 5), (1, 5), (2, 5), (1, 5), (2, 5), (1, 5), (2, 5), (1, 5), (2, 5)]
success=False

phase=train, time=evening
steps=101
trajectory=[(1, 1), (1, 2), (2, 2), (2, 3), (2, 4), (2, 5), (1, 5), (1, 6), (2, 6), (2, 6), (2, 6), (2, 6), (2, 6), (2, 6), (2, 6), (2, 6), (2, 6), (2, 6), (2, 6), (2, 6), (2, 6), (2, 6), (2, 6), (2, 6), (2, 6), (2, 6), (2, 6), (2, 6), (2, 6), (2, 6), (2, 6), (2, 6), (2, 6), (2, 6), (2, 6), (2, 6), (2, 6), (2, 6), (2, 6), (2, 6), (2, 6), (2, 6), (2, 6), (2, 6), (2, 6), (2, 6), (2, 6), (2, 6), (2, 6), (2, 6), (2, 6), (2, 6), (2, 6), (2, 6), (2, 6), (2, 6), (2, 6), (2, 6), (2, 6), (2, 6), (2, 6), (2, 6), (2, 6), (2, 6), (2, 6), (2, 6), (2, 6), (2, 6), (2, 6), (2, 6), (2, 6), (2, 6), (2, 6), (2, 6), (2, 6), (2, 6), (2, 6), (2, 6), (2, 6), (2, 6), (2, 6), (2, 6), (2, 6), (2, 6), (2, 6), (2, 6), (2, 6), (2, 6), (2, 6), (2, 6), (2, 6), (2, 6), (2, 6), (2, 6), (2, 6), (2, 6), (2, 6), (2, 6), (2, 6), (2, 6), (2, 6), (2, 6)]
success=False

phase=test, time=morning
steps=101
trajectory=[(1, 1), (1, 2), (1, 3), (1, 4), (1, 5), (2, 5), (2, 6), (2, 6), (2, 6), (2, 6), (2, 6), (2, 6), (2, 6), (2, 6), (2, 6), (2, 6), (2, 6), (2, 6), (2, 6), (2, 6), (2, 6), (2, 6), (2, 6), (2, 6), (2, 6), (2, 6), (2, 6), (2, 6), (2, 6), (2, 6), (2, 6), (2, 6), (2, 6), (2, 6), (2, 6), (2, 6), (2, 6), (2, 6), (2, 6), (2, 6), (2, 6), (2, 6), (2, 6), (2, 6), (2, 6), (2, 6), (2, 6), (2, 6), (2, 6), (2, 6), (2, 6), (2, 6), (2, 6), (2, 6), (2, 6), (2, 6), (2, 6), (2, 6), (2, 6), (2, 6), (2, 6), (2, 6), (2, 6), (2, 6), (2, 6), (2, 6), (2, 6), (2, 6), (2, 6), (2, 6), (2, 6), (2, 6), (2, 6), (2, 6), (2, 6), (2, 6), (2, 6), (2, 6), (2, 6), (2, 6), (2, 6), (2, 6), (2, 6), (2, 6), (2, 6), (2, 6), (2, 6), (2, 6), (2, 6), (2, 6), (2, 6), (2, 6), (2, 6), (2, 6), (2, 6), (2, 6), (2, 6), (2, 6), (2, 6), (2, 6), (2, 6), (2, 6)]
success=False

phase=test, time=evening
steps=101
trajectory=[(1, 1), (1, 2), (2, 2), (2, 3), (2, 4), (2, 5), (2, 6), (2, 6), (2, 6), (2, 6), (2, 6), (2, 6), (2, 6), (2, 6), (2, 6), (2, 6), (2, 6), (2, 6), (2, 6), (2, 6), (2, 6), (2, 6), (2, 6), (2, 6), (2, 6), (2, 6), (2, 6), (2, 6), (2, 6), (2, 6), (2, 6), (2, 6), (2, 6), (2, 6), (2, 6), (2, 6), (2, 6), (2, 6), (2, 6), (2, 6), (2, 6), (2, 6), (2, 6), (2, 6), (2, 6), (2, 6), (2, 6), (2, 6), (2, 6), (2, 6), (2, 6), (2, 6), (2, 6), (2, 6), (2, 6), (2, 6), (2, 6), (2, 6), (2, 6), (2, 6), (2, 6), (2, 6), (2, 6), (2, 6), (2, 6), (2, 6), (2, 6), (2, 6), (2, 6), (2, 6), (2, 6), (2, 6), (2, 6), (2, 6), (2, 6), (2, 6), (2, 6), (2, 6), (2, 6), (2, 6), (2, 6), (2, 6), (2, 6), (2, 6), (2, 6), (2, 6), (2, 6), (2, 6), (2, 6), (2, 6), (2, 6), (2, 6), (2, 6), (2, 6), (2, 6), (2, 6), (2, 6), (2, 6), (2, 6), (2, 6), (2, 6), (2, 6)]
success=False

Episode  1200 | mean return  -1019.5 | success rate   0.0%
Episode  1400 | mean return  -1018.9 | success rate   0.0%
Episode  1600 | mean return  -1019.7 | success rate   0.0%
Episode  1800 | mean return  -1011.0 | success rate   0.5%
Episode  2000 | mean return  -1018.5 | success rate   0.0%
phase=train, time=morning
steps=101
trajectory=[(1, 1), (2, 1), (2, 2), (2, 3), (3, 3), (4, 3), (5, 3), (6, 3), (6, 3), (6, 3), (6, 3), (6, 3), (6, 3), (6, 3), (6, 3), (6, 3), (6, 3), (6, 3), (6, 3), (6, 3), (6, 3), (6, 3), (6, 3), (6, 3), (6, 3), (6, 3), (6, 3), (6, 3), (6, 3), (6, 3), (6, 3), (6, 3), (6, 3), (6, 3), (6, 3), (6, 3), (6, 3), (6, 3), (6, 3), (6, 3), (6, 3), (6, 3), (6, 3), (6, 3), (6, 3), (6, 3), (6, 3), (6, 3), (6, 3), (6, 3), (6, 3), (6, 3), (6, 3), (6, 3), (6, 3), (6, 3), (6, 3), (6, 3), (6, 3), (6, 3), (6, 3), (6, 3), (6, 3), (6, 3), (6, 3), (6, 3), (6, 3), (6, 3), (6, 3), (6, 3), (6, 3), (6, 3), (6, 3), (6, 3), (6, 3), (6, 3), (6, 3), (6, 3), (6, 3), (6, 3), (6, 3), (6, 3), (6, 3), (6, 3), (6, 3), (6, 3), (6, 3), (6, 3), (6, 3), (6, 3), (6, 3), (6, 3), (6, 3), (6, 3), (6, 3), (6, 3), (6, 3), (6, 3), (6, 3), (6, 3), (6, 3), (6, 3)]
success=False

phase=train, time=evening
steps=101
trajectory=[(1, 1), (1, 2), (1, 3), (1, 4), (1, 5), (1, 6), (1, 6), (1, 6), (1, 6), (1, 6), (1, 6), (1, 6), (1, 6), (1, 6), (1, 6), (1, 6), (1, 6), (1, 6), (1, 6), (1, 6), (1, 6), (1, 6), (1, 6), (1, 6), (1, 6), (1, 6), (1, 6), (1, 6), (1, 6), (1, 6), (1, 6), (1, 6), (1, 6), (1, 6), (1, 6), (1, 6), (1, 6), (1, 6), (1, 6), (1, 6), (1, 6), (1, 6), (1, 6), (1, 6), (1, 6), (1, 6), (1, 6), (1, 6), (1, 6), (1, 6), (1, 6), (1, 6), (1, 6), (1, 6), (1, 6), (1, 6), (1, 6), (1, 6), (1, 6), (1, 6), (1, 6), (1, 6), (1, 6), (1, 6), (1, 6), (1, 6), (1, 6), (1, 6), (1, 6), (1, 6), (1, 6), (1, 6), (1, 6), (1, 6), (1, 6), (1, 6), (1, 6), (1, 6), (1, 6), (1, 6), (1, 6), (1, 6), (1, 6), (1, 6), (1, 6), (1, 6), (1, 6), (1, 6), (1, 6), (1, 6), (1, 6), (1, 6), (1, 6), (1, 6), (1, 6), (1, 6), (1, 6), (1, 6), (1, 6), (1, 6), (1, 6), (1, 6)]
success=False

phase=test, time=morning
steps=101
trajectory=[(1, 1), (2, 1), (2, 2), (2, 3), (2, 4), (3, 4), (4, 4), (5, 4), (6, 4), (6, 4), (6, 4), (6, 4), (6, 4), (6, 4), (6, 4), (6, 4), (6, 4), (6, 4), (6, 4), (6, 4), (6, 4), (6, 4), (6, 4), (6, 4), (6, 4), (6, 4), (6, 4), (6, 4), (6, 4), (6, 4), (6, 4), (6, 4), (6, 4), (6, 4), (6, 4), (6, 4), (6, 4), (6, 4), (6, 4), (6, 4), (6, 4), (6, 4), (6, 4), (6, 4), (6, 4), (6, 4), (6, 4), (6, 4), (6, 4), (6, 4), (6, 4), (6, 4), (6, 4), (6, 4), (6, 4), (6, 4), (6, 4), (6, 4), (6, 4), (6, 4), (6, 4), (6, 4), (6, 4), (6, 4), (6, 4), (6, 4), (6, 4), (6, 4), (6, 4), (6, 4), (6, 4), (6, 4), (6, 4), (6, 4), (6, 4), (6, 4), (6, 4), (6, 4), (6, 4), (6, 4), (6, 4), (6, 4), (6, 4), (6, 4), (6, 4), (6, 4), (6, 4), (6, 4), (6, 4), (6, 4), (6, 4), (6, 4), (6, 4), (6, 4), (6, 4), (6, 4), (6, 4), (6, 4), (6, 4), (6, 4), (6, 4), (6, 4)]
success=False

phase=test, time=evening
steps=101
trajectory=[(1, 1), (1, 2), (1, 3), (1, 4), (1, 5), (1, 6), (1, 6), (1, 6), (1, 6), (1, 6), (1, 6), (1, 6), (1, 6), (1, 6), (1, 6), (1, 6), (1, 6), (1, 6), (1, 6), (1, 6), (1, 6), (1, 6), (1, 6), (1, 6), (1, 6), (1, 6), (1, 6), (1, 6), (1, 6), (1, 6), (1, 6), (1, 6), (1, 6), (1, 6), (1, 6), (1, 6), (1, 6), (1, 6), (1, 6), (1, 6), (1, 6), (1, 6), (1, 6), (1, 6), (1, 6), (1, 6), (1, 6), (1, 6), (1, 6), (1, 6), (1, 6), (1, 6), (1, 6), (1, 6), (1, 6), (1, 6), (1, 6), (1, 6), (1, 6), (1, 6), (1, 6), (1, 6), (1, 6), (1, 6), (1, 6), (1, 6), (1, 6), (1, 6), (1, 6), (1, 6), (1, 6), (1, 6), (1, 6), (1, 6), (1, 6), (1, 6), (1, 6), (1, 6), (1, 6), (1, 6), (1, 6), (1, 6), (1, 6), (1, 6), (1, 6), (1, 6), (1, 6), (1, 6), (1, 6), (1, 6), (1, 6), (1, 6), (1, 6), (1, 6), (1, 6), (1, 6), (1, 6), (1, 6), (1, 6), (1, 6), (1, 6), (1, 6)]
success=False

Episode  2200 | mean return  -1019.0 | success rate   0.0%
Episode  2400 | mean return  -1019.9 | success rate   0.0%
Episode  2600 | mean return  -1014.1 | success rate   0.5%
Episode  2800 | mean return  -1013.1 | success rate   0.5%
Episode  3000 | mean return  -1025.3 | success rate   0.0%
phase=train, time=morning
steps=101
trajectory=[(1, 1), (2, 1), (2, 2), (2, 3), (3, 3), (4, 3), (5, 3), (6, 3), (6, 3), (6, 3), (6, 3), (6, 3), (6, 3), (6, 3), (6, 3), (6, 3), (6, 3), (6, 3), (6, 3), (6, 3), (6, 3), (6, 3), (6, 3), (6, 3), (6, 3), (6, 3), (6, 3), (6, 3), (6, 3), (6, 3), (6, 3), (6, 3), (6, 3), (6, 3), (6, 3), (6, 3), (6, 3), (6, 3), (6, 3), (6, 3), (6, 3), (6, 3), (6, 3), (6, 3), (6, 3), (6, 3), (6, 3), (6, 3), (6, 3), (6, 3), (6, 3), (6, 3), (6, 3), (6, 3), (6, 3), (6, 3), (6, 3), (6, 3), (6, 3), (6, 3), (6, 3), (6, 3), (6, 3), (6, 3), (6, 3), (6, 3), (6, 3), (6, 3), (6, 3), (6, 3), (6, 3), (6, 3), (6, 3), (6, 3), (6, 3), (6, 3), (6, 3), (6, 3), (6, 3), (6, 3), (6, 3), (6, 3), (6, 3), (6, 3), (6, 3), (6, 3), (6, 3), (6, 3), (6, 3), (6, 3), (6, 3), (6, 3), (6, 3), (6, 3), (6, 3), (6, 3), (6, 3), (6, 3), (6, 3), (6, 3), (6, 3), (6, 3)]
success=False

phase=train, time=evening
steps=101
trajectory=[(1, 1), (1, 2), (2, 2), (3, 2), (4, 2), (5, 2), (6, 2), (6, 3), (6, 4), (6, 5), (6, 6), (6, 5), (6, 6), (6, 5), (6, 6), (6, 5), (6, 6), (6, 5), (6, 6), (6, 5), (6, 6), (6, 5), (6, 6), (6, 5), (6, 6), (6, 5), (6, 6), (6, 5), (6, 6), (6, 5), (6, 6), (6, 5), (6, 6), (6, 5), (6, 6), (6, 5), (6, 6), (6, 5), (6, 6), (6, 5), (6, 6), (6, 5), (6, 6), (6, 5), (6, 6), (6, 5), (6, 6), (6, 5), (6, 6), (6, 5), (6, 6), (6, 5), (6, 6), (6, 5), (6, 6), (6, 5), (6, 6), (6, 5), (6, 6), (6, 5), (6, 6), (6, 5), (6, 6), (6, 5), (6, 6), (6, 5), (6, 6), (6, 5), (6, 6), (6, 5), (6, 6), (6, 5), (6, 6), (6, 5), (6, 6), (6, 5), (6, 6), (6, 5), (6, 6), (6, 5), (6, 6), (6, 5), (6, 6), (6, 5), (6, 6), (6, 5), (6, 6), (6, 5), (6, 6), (6, 5), (6, 6), (6, 5), (6, 6), (6, 5), (6, 6), (6, 5), (6, 6), (6, 5), (6, 6), (6, 5), (6, 6), (6, 5)]
success=False

phase=test, time=morning
steps=101
trajectory=[(1, 1), (2, 1), (2, 2), (2, 3), (2, 4), (3, 4), (4, 4), (5, 4), (6, 4), (6, 4), (6, 4), (6, 4), (6, 4), (6, 4), (6, 4), (6, 4), (6, 4), (6, 4), (6, 4), (6, 4), (6, 4), (6, 4), (6, 4), (6, 4), (6, 4), (6, 4), (6, 4), (6, 4), (6, 4), (6, 4), (6, 4), (6, 4), (6, 4), (6, 4), (6, 4), (6, 4), (6, 4), (6, 4), (6, 4), (6, 4), (6, 4), (6, 4), (6, 4), (6, 4), (6, 4), (6, 4), (6, 4), (6, 4), (6, 4), (6, 4), (6, 4), (6, 4), (6, 4), (6, 4), (6, 4), (6, 4), (6, 4), (6, 4), (6, 4), (6, 4), (6, 4), (6, 4), (6, 4), (6, 4), (6, 4), (6, 4), (6, 4), (6, 4), (6, 4), (6, 4), (6, 4), (6, 4), (6, 4), (6, 4), (6, 4), (6, 4), (6, 4), (6, 4), (6, 4), (6, 4), (6, 4), (6, 4), (6, 4), (6, 4), (6, 4), (6, 4), (6, 4), (6, 4), (6, 4), (6, 4), (6, 4), (6, 4), (6, 4), (6, 4), (6, 4), (6, 4), (6, 4), (6, 4), (6, 4), (6, 4), (6, 4), (6, 4)]
success=False

phase=test, time=evening
steps=101
trajectory=[(1, 1), (1, 2), (2, 2), (2, 3), (3, 3), (4, 3), (5, 3), (6, 3), (6, 4), (6, 5), (6, 6), (6, 5), (6, 6), (6, 5), (6, 6), (6, 5), (6, 6), (6, 5), (6, 6), (6, 5), (6, 6), (6, 5), (6, 6), (6, 5), (6, 6), (6, 5), (6, 6), (6, 5), (6, 6), (6, 5), (6, 6), (6, 5), (6, 6), (6, 5), (6, 6), (6, 5), (6, 6), (6, 5), (6, 6), (6, 5), (6, 6), (6, 5), (6, 6), (6, 5), (6, 6), (6, 5), (6, 6), (6, 5), (6, 6), (6, 5), (6, 6), (6, 5), (6, 6), (6, 5), (6, 6), (6, 5), (6, 6), (6, 5), (6, 6), (6, 5), (6, 6), (6, 5), (6, 6), (6, 5), (6, 6), (6, 5), (6, 6), (6, 5), (6, 6), (6, 5), (6, 6), (6, 5), (6, 6), (6, 5), (6, 6), (6, 5), (6, 6), (6, 5), (6, 6), (6, 5), (6, 6), (6, 5), (6, 6), (6, 5), (6, 6), (6, 5), (6, 6), (6, 5), (6, 6), (6, 5), (6, 6), (6, 5), (6, 6), (6, 5), (6, 6), (6, 5), (6, 6), (6, 5), (6, 6), (6, 5), (6, 6), (6, 5)]
success=False

Episode  3200 | mean return  -1014.3 | success rate   0.5%
Episode  3400 | mean return  -1020.1 | success rate   0.5%
Episode  3600 | mean return  -1017.5 | success rate   1.0%
Episode  3800 | mean return  -1013.6 | success rate   1.5%
Episode  4000 | mean return   -993.5 | success rate   2.5%
phase=train, time=morning
steps=101
trajectory=[(1, 1), (2, 1), (2, 2), (3, 2), (4, 2), (5, 2), (6, 2), (6, 1), (6, 2), (6, 3), (6, 4), (6, 5), (6, 6), (6, 5), (6, 6), (6, 5), (6, 6), (6, 5), (6, 6), (6, 5), (6, 6), (6, 5), (6, 6), (6, 5), (6, 6), (6, 5), (6, 6), (6, 5), (6, 6), (6, 5), (6, 6), (6, 5), (6, 6), (6, 5), (6, 6), (6, 5), (6, 6), (6, 5), (6, 6), (6, 5), (6, 6), (6, 5), (6, 6), (6, 5), (6, 6), (6, 5), (6, 6), (6, 5), (6, 6), (6, 5), (6, 6), (6, 5), (6, 6), (6, 5), (6, 6), (6, 5), (6, 6), (6, 5), (6, 6), (6, 5), (6, 6), (6, 5), (6, 6), (6, 5), (6, 6), (6, 5), (6, 6), (6, 5), (6, 6), (6, 5), (6, 6), (6, 5), (6, 6), (6, 5), (6, 6), (6, 5), (6, 6), (6, 5), (6, 6), (6, 5), (6, 6), (6, 5), (6, 6), (6, 5), (6, 6), (6, 5), (6, 6), (6, 5), (6, 6), (6, 5), (6, 6), (6, 5), (6, 6), (6, 5), (6, 6), (6, 5), (6, 6), (6, 5), (6, 6), (6, 5), (6, 6), (6, 5)]
success=False

phase=train, time=evening
steps=101
trajectory=[(1, 1), (1, 2), (2, 2), (3, 2), (4, 2), (5, 2), (6, 2), (6, 3), (6, 4), (6, 5), (5, 5), (5, 6), (6, 6), (6, 5), (5, 5), (6, 5), (5, 5), (6, 5), (5, 5), (6, 5), (5, 5), (6, 5), (5, 5), (6, 5), (5, 5), (6, 5), (5, 5), (6, 5), (5, 5), (6, 5), (5, 5), (6, 5), (5, 5), (6, 5), (5, 5), (6, 5), (5, 5), (6, 5), (5, 5), (6, 5), (5, 5), (6, 5), (5, 5), (6, 5), (5, 5), (6, 5), (5, 5), (6, 5), (5, 5), (6, 5), (5, 5), (6, 5), (5, 5), (6, 5), (5, 5), (6, 5), (5, 5), (6, 5), (5, 5), (6, 5), (5, 5), (6, 5), (5, 5), (6, 5), (5, 5), (6, 5), (5, 5), (6, 5), (5, 5), (6, 5), (5, 5), (6, 5), (5, 5), (6, 5), (5, 5), (6, 5), (5, 5), (6, 5), (5, 5), (6, 5), (5, 5), (6, 5), (5, 5), (6, 5), (5, 5), (6, 5), (5, 5), (6, 5), (5, 5), (6, 5), (5, 5), (6, 5), (5, 5), (6, 5), (5, 5), (6, 5), (5, 5), (6, 5), (5, 5), (6, 5), (5, 5), (6, 5)]
success=False

phase=test, time=morning
steps=101
trajectory=[(1, 1), (2, 1), (2, 2), (2, 3), (3, 3), (4, 3), (5, 3), (5, 4), (6, 4), (6, 4), (6, 4), (6, 4), (6, 4), (6, 4), (6, 4), (6, 4), (6, 4), (6, 4), (6, 4), (6, 4), (6, 4), (6, 4), (6, 4), (6, 4), (6, 4), (6, 4), (6, 4), (6, 4), (6, 4), (6, 4), (6, 4), (6, 4), (6, 4), (6, 4), (6, 4), (6, 4), (6, 4), (6, 4), (6, 4), (6, 4), (6, 4), (6, 4), (6, 4), (6, 4), (6, 4), (6, 4), (6, 4), (6, 4), (6, 4), (6, 4), (6, 4), (6, 4), (6, 4), (6, 4), (6, 4), (6, 4), (6, 4), (6, 4), (6, 4), (6, 4), (6, 4), (6, 4), (6, 4), (6, 4), (6, 4), (6, 4), (6, 4), (6, 4), (6, 4), (6, 4), (6, 4), (6, 4), (6, 4), (6, 4), (6, 4), (6, 4), (6, 4), (6, 4), (6, 4), (6, 4), (6, 4), (6, 4), (6, 4), (6, 4), (6, 4), (6, 4), (6, 4), (6, 4), (6, 4), (6, 4), (6, 4), (6, 4), (6, 4), (6, 4), (6, 4), (6, 4), (6, 4), (6, 4), (6, 4), (6, 4), (6, 4), (6, 4)]
success=False

phase=test, time=evening
steps=101
trajectory=[(1, 1), (1, 2), (2, 2), (2, 3), (3, 3), (4, 3), (5, 3), (6, 3), (6, 4), (6, 5), (5, 5), (5, 6), (6, 6), (6, 5), (5, 5), (5, 6), (5, 5), (5, 6), (5, 5), (5, 6), (5, 5), (5, 6), (5, 5), (5, 6), (5, 5), (5, 6), (5, 5), (5, 6), (5, 5), (5, 6), (5, 5), (5, 6), (5, 5), (5, 6), (5, 5), (5, 6), (5, 5), (5, 6), (5, 5), (5, 6), (5, 5), (5, 6), (5, 5), (5, 6), (5, 5), (5, 6), (5, 5), (5, 6), (5, 5), (5, 6), (5, 5), (5, 6), (5, 5), (5, 6), (5, 5), (5, 6), (5, 5), (5, 6), (5, 5), (5, 6), (5, 5), (5, 6), (5, 5), (5, 6), (5, 5), (5, 6), (5, 5), (5, 6), (5, 5), (5, 6), (5, 5), (5, 6), (5, 5), (5, 6), (5, 5), (5, 6), (5, 5), (5, 6), (5, 5), (5, 6), (5, 5), (5, 6), (5, 5), (5, 6), (5, 5), (5, 6), (5, 5), (5, 6), (5, 5), (5, 6), (5, 5), (5, 6), (5, 5), (5, 6), (5, 5), (5, 6), (5, 5), (5, 6), (5, 5), (5, 6), (5, 5), (5, 6)]
success=False

Episode  4200 | mean return   -886.0 | success rate   8.5%
Episode  4400 | mean return   -780.0 | success rate  14.0%
Episode  4600 | mean return   -380.1 | success rate  34.0%
Episode  4800 | mean return   -117.3 | success rate  46.5%
Episode  5000 | mean return   -120.6 | success rate  46.0%
phase=train, time=morning
steps=101
trajectory=[(1, 1), (2, 1), (2, 2), (3, 2), (4, 2), (5, 2), (6, 2), (6, 1), (6, 2), (6, 2), (6, 2), (6, 2), (6, 2), (6, 2), (6, 2), (6, 2), (6, 2), (6, 2), (6, 2), (6, 2), (6, 2), (6, 2), (6, 2), (6, 2), (6, 2), (6, 2), (6, 2), (6, 2), (6, 2), (6, 2), (6, 2), (6, 2), (6, 2), (6, 2), (6, 2), (6, 2), (6, 2), (6, 2), (6, 2), (6, 2), (6, 2), (6, 2), (6, 2), (6, 2), (6, 2), (6, 2), (6, 2), (6, 2), (6, 2), (6, 2), (6, 2), (6, 2), (6, 2), (6, 2), (6, 2), (6, 2), (6, 2), (6, 2), (6, 2), (6, 2), (6, 2), (6, 2), (6, 2), (6, 2), (6, 2), (6, 2), (6, 2), (6, 2), (6, 2), (6, 2), (6, 2), (6, 2), (6, 2), (6, 2), (6, 2), (6, 2), (6, 2), (6, 2), (6, 2), (6, 2), (6, 2), (6, 2), (6, 2), (6, 2), (6, 2), (6, 2), (6, 2), (6, 2), (6, 2), (6, 2), (6, 2), (6, 2), (6, 2), (6, 2), (6, 2), (6, 2), (6, 2), (6, 2), (6, 2), (6, 2), (6, 2), (6, 2)]
success=False

phase=train, time=evening
steps=21
trajectory=[(1, 1), (1, 2), (2, 2), (3, 2), (4, 2), (5, 2), (6, 2), (6, 3), (6, 4), (6, 5), (6, 6), (6, 5), (5, 5), (5, 4), (5, 3), (4, 3), (3, 3), (2, 3), (1, 3), (1, 4), (1, 5), (1, 6)]
success=True

phase=test, time=morning
steps=101
trajectory=[(1, 1), (2, 1), (2, 2), (2, 3), (3, 3), (4, 3), (5, 3), (5, 2), (6, 2), (6, 1), (6, 2), (6, 2), (6, 2), (6, 2), (6, 2), (6, 2), (6, 2), (6, 2), (6, 2), (6, 2), (6, 2), (6, 2), (6, 2), (6, 2), (6, 2), (6, 2), (6, 2), (6, 2), (6, 2), (6, 2), (6, 2), (6, 2), (6, 2), (6, 2), (6, 2), (6, 2), (6, 2), (6, 2), (6, 2), (6, 2), (6, 2), (6, 2), (6, 2), (6, 2), (6, 2), (6, 2), (6, 2), (6, 2), (6, 2), (6, 2), (6, 2), (6, 2), (6, 2), (6, 2), (6, 2), (6, 2), (6, 2), (6, 2), (6, 2), (6, 2), (6, 2), (6, 2), (6, 2), (6, 2), (6, 2), (6, 2), (6, 2), (6, 2), (6, 2), (6, 2), (6, 2), (6, 2), (6, 2), (6, 2), (6, 2), (6, 2), (6, 2), (6, 2), (6, 2), (6, 2), (6, 2), (6, 2), (6, 2), (6, 2), (6, 2), (6, 2), (6, 2), (6, 2), (6, 2), (6, 2), (6, 2), (6, 2), (6, 2), (6, 2), (6, 2), (6, 2), (6, 2), (6, 2), (6, 2), (6, 2), (6, 2), (6, 2)]
success=False

phase=test, time=evening
steps=19
trajectory=[(1, 1), (1, 2), (2, 2), (2, 3), (3, 3), (4, 3), (5, 3), (6, 3), (6, 4), (6, 5), (6, 6), (6, 5), (5, 5), (5, 4), (4, 4), (3, 4), (2, 4), (1, 4), (1, 5), (1, 6)]
success=True

Episode  5200 | mean return    -18.0 | success rate  51.0%
Episode  5400 | mean return     96.2 | success rate  56.5%
Episode  5600 | mean return     21.8 | success rate  53.0%
Episode  5800 | mean return     64.3 | success rate  55.0%
Episode  6000 | mean return    -78.1 | success rate  48.0%
phase=train, time=morning
steps=17
trajectory=[(1, 1), (2, 1), (2, 2), (3, 2), (4, 2), (5, 2), (6, 2), (6, 1), (5, 1), (5, 2), (5, 3), (4, 3), (3, 3), (2, 3), (1, 3), (1, 4), (1, 5), (1, 6)]
success=True

phase=train, time=evening
steps=101
trajectory=[(1, 1), (1, 1), (1, 1), (1, 1), (1, 1), (1, 1), (1, 1), (1, 1), (1, 1), (1, 1), (1, 1), (1, 1), (1, 1), (1, 1), (1, 1), (1, 1), (1, 1), (1, 1), (1, 1), (1, 1), (1, 1), (1, 1), (1, 1), (1, 1), (1, 1), (1, 1), (1, 1), (1, 1), (1, 1), (1, 1), (1, 1), (1, 1), (1, 1), (1, 1), (1, 1), (1, 1), (1, 1), (1, 1), (1, 1), (1, 1), (1, 1), (1, 1), (1, 1), (1, 1), (1, 1), (1, 1), (1, 1), (1, 1), (1, 1), (1, 1), (1, 1), (1, 1), (1, 1), (1, 1), (1, 1), (1, 1), (1, 1), (1, 1), (1, 1), (1, 1), (1, 1), (1, 1), (1, 1), (1, 1), (1, 1), (1, 1), (1, 1), (1, 1), (1, 1), (1, 1), (1, 1), (1, 1), (1, 1), (1, 1), (1, 1), (1, 1), (1, 1), (1, 1), (1, 1), (1, 1), (1, 1), (1, 1), (1, 1), (1, 1), (1, 1), (1, 1), (1, 1), (1, 1), (1, 1), (1, 1), (1, 1), (1, 1), (1, 1), (1, 1), (1, 1), (1, 1), (1, 1), (1, 1), (1, 1), (1, 1), (1, 1), (1, 1)]
success=False

phase=test, time=morning
steps=101
trajectory=[(1, 1), (2, 1), (2, 2), (2, 3), (3, 3), (4, 3), (5, 3), (6, 3), (6, 2), (6, 1), (5, 1), (5, 2), (6, 2), (5, 2), (6, 2), (5, 2), (6, 2), (5, 2), (6, 2), (5, 2), (6, 2), (5, 2), (6, 2), (5, 2), (6, 2), (5, 2), (6, 2), (5, 2), (6, 2), (5, 2), (6, 2), (5, 2), (6, 2), (5, 2), (6, 2), (5, 2), (6, 2), (5, 2), (6, 2), (5, 2), (6, 2), (5, 2), (6, 2), (5, 2), (6, 2), (5, 2), (6, 2), (5, 2), (6, 2), (5, 2), (6, 2), (5, 2), (6, 2), (5, 2), (6, 2), (5, 2), (6, 2), (5, 2), (6, 2), (5, 2), (6, 2), (5, 2), (6, 2), (5, 2), (6, 2), (5, 2), (6, 2), (5, 2), (6, 2), (5, 2), (6, 2), (5, 2), (6, 2), (5, 2), (6, 2), (5, 2), (6, 2), (5, 2), (6, 2), (5, 2), (6, 2), (5, 2), (6, 2), (5, 2), (6, 2), (5, 2), (6, 2), (5, 2), (6, 2), (5, 2), (6, 2), (5, 2), (6, 2), (5, 2), (6, 2), (5, 2), (6, 2), (5, 2), (6, 2), (5, 2), (6, 2), (5, 2)]
success=False

phase=test, time=evening
steps=101
trajectory=[(1, 1), (1, 1), (1, 1), (1, 1), (1, 1), (1, 1), (1, 1), (1, 1), (1, 1), (1, 1), (1, 1), (1, 1), (1, 1), (1, 1), (1, 1), (1, 1), (1, 1), (1, 1), (1, 1), (1, 1), (1, 1), (1, 1), (1, 1), (1, 1), (1, 1), (1, 1), (1, 1), (1, 1), (1, 1), (1, 1), (1, 1), (1, 1), (1, 1), (1, 1), (1, 1), (1, 1), (1, 1), (1, 1), (1, 1), (1, 1), (1, 1), (1, 1), (1, 1), (1, 1), (1, 1), (1, 1), (1, 1), (1, 1), (1, 1), (1, 1), (1, 1), (1, 1), (1, 1), (1, 1), (1, 1), (1, 1), (1, 1), (1, 1), (1, 1), (1, 1), (1, 1), (1, 1), (1, 1), (1, 1), (1, 1), (1, 1), (1, 1), (1, 1), (1, 1), (1, 1), (1, 1), (1, 1), (1, 1), (1, 1), (1, 1), (1, 1), (1, 1), (1, 1), (1, 1), (1, 1), (1, 1), (1, 1), (1, 1), (1, 1), (1, 1), (1, 1), (1, 1), (1, 1), (1, 1), (1, 1), (1, 1), (1, 1), (1, 1), (1, 1), (1, 1), (1, 1), (1, 1), (1, 1), (1, 1), (1, 1), (1, 1), (1, 1)]
success=False

Episode  6200 | mean return     94.1 | success rate  56.5%
Episode  6400 | mean return     30.9 | success rate  53.5%
Episode  6600 | mean return    -34.9 | success rate  50.5%
Episode  6800 | mean return   -111.5 | success rate  46.5%
Episode  7000 | mean return     42.6 | success rate  54.0%
phase=train, time=morning
steps=19
trajectory=[(1, 1), (2, 1), (2, 2), (2, 3), (3, 3), (4, 3), (5, 3), (6, 3), (6, 2), (6, 1), (5, 1), (5, 2), (4, 2), (3, 2), (2, 2), (2, 3), (2, 4), (2, 5), (1, 5), (1, 6)]
success=True

phase=train, time=evening
steps=21
trajectory=[(1, 1), (1, 2), (2, 2), (3, 2), (4, 2), (5, 2), (6, 2), (6, 3), (6, 4), (6, 5), (6, 6), (6, 5), (5, 5), (5, 4), (5, 3), (4, 3), (3, 3), (2, 3), (1, 3), (1, 4), (1, 5), (1, 6)]
success=True

phase=test, time=morning
steps=101
trajectory=[(1, 1), (2, 1), (2, 1), (2, 1), (2, 1), (2, 1), (2, 1), (2, 1), (2, 1), (2, 1), (2, 1), (2, 1), (2, 1), (2, 1), (2, 1), (2, 1), (2, 1), (2, 1), (2, 1), (2, 1), (2, 1), (2, 1), (2, 1), (2, 1), (2, 1), (2, 1), (2, 1), (2, 1), (2, 1), (2, 1), (2, 1), (2, 1), (2, 1), (2, 1), (2, 1), (2, 1), (2, 1), (2, 1), (2, 1), (2, 1), (2, 1), (2, 1), (2, 1), (2, 1), (2, 1), (2, 1), (2, 1), (2, 1), (2, 1), (2, 1), (2, 1), (2, 1), (2, 1), (2, 1), (2, 1), (2, 1), (2, 1), (2, 1), (2, 1), (2, 1), (2, 1), (2, 1), (2, 1), (2, 1), (2, 1), (2, 1), (2, 1), (2, 1), (2, 1), (2, 1), (2, 1), (2, 1), (2, 1), (2, 1), (2, 1), (2, 1), (2, 1), (2, 1), (2, 1), (2, 1), (2, 1), (2, 1), (2, 1), (2, 1), (2, 1), (2, 1), (2, 1), (2, 1), (2, 1), (2, 1), (2, 1), (2, 1), (2, 1), (2, 1), (2, 1), (2, 1), (2, 1), (2, 1), (2, 1), (2, 1), (2, 1), (2, 1)]
success=False

phase=test, time=evening
steps=19
trajectory=[(1, 1), (1, 2), (2, 2), (2, 3), (3, 3), (4, 3), (5, 3), (6, 3), (6, 4), (6, 5), (6, 6), (6, 5), (5, 5), (5, 4), (4, 4), (3, 4), (2, 4), (1, 4), (1, 5), (1, 6)]
success=True

Episode  7200 | mean return    -52.9 | success rate  49.0%
Episode  7400 | mean return    -49.8 | success rate  49.5%
Episode  7600 | mean return     54.1 | success rate  55.5%
Episode  7800 | mean return    -22.0 | success rate  51.0%
Episode  8000 | mean return     63.7 | success rate  55.0%
phase=train, time=morning
steps=101
trajectory=[(1, 1), (2, 1), (2, 2), (3, 2), (4, 2), (5, 2), (6, 2), (6, 1), (6, 2), (6, 1), (6, 2), (6, 1), (6, 2), (6, 1), (6, 2), (6, 1), (6, 2), (6, 1), (6, 2), (6, 1), (6, 2), (6, 1), (6, 2), (6, 1), (6, 2), (6, 1), (6, 2), (6, 1), (6, 2), (6, 1), (6, 2), (6, 1), (6, 2), (6, 1), (6, 2), (6, 1), (6, 2), (6, 1), (6, 2), (6, 1), (6, 2), (6, 1), (6, 2), (6, 1), (6, 2), (6, 1), (6, 2), (6, 1), (6, 2), (6, 1), (6, 2), (6, 1), (6, 2), (6, 1), (6, 2), (6, 1), (6, 2), (6, 1), (6, 2), (6, 1), (6, 2), (6, 1), (6, 2), (6, 1), (6, 2), (6, 1), (6, 2), (6, 1), (6, 2), (6, 1), (6, 2), (6, 1), (6, 2), (6, 1), (6, 2), (6, 1), (6, 2), (6, 1), (6, 2), (6, 1), (6, 2), (6, 1), (6, 2), (6, 1), (6, 2), (6, 1), (6, 2), (6, 1), (6, 2), (6, 1), (6, 2), (6, 1), (6, 2), (6, 1), (6, 2), (6, 1), (6, 2), (6, 1), (6, 2), (6, 1), (6, 2), (6, 1)]
success=False

phase=train, time=evening
steps=101
trajectory=[(1, 1), (1, 1), (1, 1), (1, 1), (1, 1), (1, 1), (1, 1), (1, 1), (1, 1), (1, 1), (1, 1), (1, 1), (1, 1), (1, 1), (1, 1), (1, 1), (1, 1), (1, 1), (1, 1), (1, 1), (1, 1), (1, 1), (1, 1), (1, 1), (1, 1), (1, 1), (1, 1), (1, 1), (1, 1), (1, 1), (1, 1), (1, 1), (1, 1), (1, 1), (1, 1), (1, 1), (1, 1), (1, 1), (1, 1), (1, 1), (1, 1), (1, 1), (1, 1), (1, 1), (1, 1), (1, 1), (1, 1), (1, 1), (1, 1), (1, 1), (1, 1), (1, 1), (1, 1), (1, 1), (1, 1), (1, 1), (1, 1), (1, 1), (1, 1), (1, 1), (1, 1), (1, 1), (1, 1), (1, 1), (1, 1), (1, 1), (1, 1), (1, 1), (1, 1), (1, 1), (1, 1), (1, 1), (1, 1), (1, 1), (1, 1), (1, 1), (1, 1), (1, 1), (1, 1), (1, 1), (1, 1), (1, 1), (1, 1), (1, 1), (1, 1), (1, 1), (1, 1), (1, 1), (1, 1), (1, 1), (1, 1), (1, 1), (1, 1), (1, 1), (1, 1), (1, 1), (1, 1), (1, 1), (1, 1), (1, 1), (1, 1), (1, 1)]
success=False

phase=test, time=morning
steps=101
trajectory=[(1, 1), (2, 1), (2, 1), (2, 1), (2, 1), (2, 1), (2, 1), (2, 1), (2, 1), (2, 1), (2, 1), (2, 1), (2, 1), (2, 1), (2, 1), (2, 1), (2, 1), (2, 1), (2, 1), (2, 1), (2, 1), (2, 1), (2, 1), (2, 1), (2, 1), (2, 1), (2, 1), (2, 1), (2, 1), (2, 1), (2, 1), (2, 1), (2, 1), (2, 1), (2, 1), (2, 1), (2, 1), (2, 1), (2, 1), (2, 1), (2, 1), (2, 1), (2, 1), (2, 1), (2, 1), (2, 1), (2, 1), (2, 1), (2, 1), (2, 1), (2, 1), (2, 1), (2, 1), (2, 1), (2, 1), (2, 1), (2, 1), (2, 1), (2, 1), (2, 1), (2, 1), (2, 1), (2, 1), (2, 1), (2, 1), (2, 1), (2, 1), (2, 1), (2, 1), (2, 1), (2, 1), (2, 1), (2, 1), (2, 1), (2, 1), (2, 1), (2, 1), (2, 1), (2, 1), (2, 1), (2, 1), (2, 1), (2, 1), (2, 1), (2, 1), (2, 1), (2, 1), (2, 1), (2, 1), (2, 1), (2, 1), (2, 1), (2, 1), (2, 1), (2, 1), (2, 1), (2, 1), (2, 1), (2, 1), (2, 1), (2, 1), (2, 1)]
success=False

phase=test, time=evening
steps=101
trajectory=[(1, 1), (1, 1), (1, 1), (1, 1), (1, 1), (1, 1), (1, 1), (1, 1), (1, 1), (1, 1), (1, 1), (1, 1), (1, 1), (1, 1), (1, 1), (1, 1), (1, 1), (1, 1), (1, 1), (1, 1), (1, 1), (1, 1), (1, 1), (1, 1), (1, 1), (1, 1), (1, 1), (1, 1), (1, 1), (1, 1), (1, 1), (1, 1), (1, 1), (1, 1), (1, 1), (1, 1), (1, 1), (1, 1), (1, 1), (1, 1), (1, 1), (1, 1), (1, 1), (1, 1), (1, 1), (1, 1), (1, 1), (1, 1), (1, 1), (1, 1), (1, 1), (1, 1), (1, 1), (1, 1), (1, 1), (1, 1), (1, 1), (1, 1), (1, 1), (1, 1), (1, 1), (1, 1), (1, 1), (1, 1), (1, 1), (1, 1), (1, 1), (1, 1), (1, 1), (1, 1), (1, 1), (1, 1), (1, 1), (1, 1), (1, 1), (1, 1), (1, 1), (1, 1), (1, 1), (1, 1), (1, 1), (1, 1), (1, 1), (1, 1), (1, 1), (1, 1), (1, 1), (1, 1), (1, 1), (1, 1), (1, 1), (1, 1), (1, 1), (1, 1), (1, 1), (1, 1), (1, 1), (1, 1), (1, 1), (1, 1), (1, 1), (1, 1)]
success=False

Episode  8200 | mean return     -9.4 | success rate  51.5%
Episode  8400 | mean return     93.1 | success rate  56.5%
Episode  8600 | mean return    -10.6 | success rate  51.5%
Episode  8800 | mean return    -61.2 | success rate  49.0%
Episode  9000 | mean return     30.9 | success rate  53.5%
phase=train, time=morning
steps=17
trajectory=[(1, 1), (1, 2), (2, 2), (3, 2), (4, 2), (5, 2), (6, 2), (6, 1), (5, 1), (5, 2), (5, 3), (4, 3), (3, 3), (2, 3), (2, 4), (2, 5), (1, 5), (1, 6)]
success=True

phase=train, time=evening
steps=21
trajectory=[(1, 1), (1, 2), (2, 2), (3, 2), (4, 2), (5, 2), (6, 2), (6, 3), (6, 4), (6, 5), (6, 6), (6, 5), (5, 5), (5, 4), (5, 3), (4, 3), (3, 3), (2, 3), (1, 3), (1, 4), (1, 5), (1, 6)]
success=True

phase=test, time=morning
steps=23
trajectory=[(1, 1), (1, 2), (2, 2), (2, 3), (3, 3), (4, 3), (5, 3), (5, 4), (5, 5), (6, 5), (6, 4), (6, 3), (6, 2), (6, 1), (5, 1), (5, 2), (5, 3), (5, 4), (4, 4), (3, 4), (2, 4), (2, 5), (1, 5), (1, 6)]
success=True

phase=test, time=evening
steps=19
trajectory=[(1, 1), (1, 2), (2, 2), (2, 3), (3, 3), (4, 3), (5, 3), (6, 3), (6, 4), (6, 5), (6, 6), (6, 5), (5, 5), (5, 4), (4, 4), (3, 4), (2, 4), (1, 4), (1, 5), (1, 6)]
success=True

All 4 evaluation scenarios successful at episode 9000. Stopping early.
Saved weights to outputs\program_state.npz
phase=train, time=morning
steps=17
trajectory=[(1, 1), (1, 2), (2, 2), (3, 2), (4, 2), (5, 2), (6, 2), (6, 1), (5, 1), (5, 2), (5, 3), (4, 3), (3, 3), (2, 3), (2, 4), (2, 5), (1, 5), (1, 6)]
success=True

phase=train, time=evening
steps=21
trajectory=[(1, 1), (1, 2), (2, 2), (3, 2), (4, 2), (5, 2), (6, 2), (6, 3), (6, 4), (6, 5), (6, 6), (6, 5), (5, 5), (5, 4), (5, 3), (4, 3), (3, 3), (2, 3), (1, 3), (1, 4), (1, 5), (1, 6)]
success=True

phase=test, time=morning
steps=23
trajectory=[(1, 1), (1, 2), (2, 2), (2, 3), (3, 3), (4, 3), (5, 3), (5, 4), (5, 5), (6, 5), (6, 4), (6, 3), (6, 2), (6, 1), (5, 1), (5, 2), (5, 3), (5, 4), (4, 4), (3, 4), (2, 4), (2, 5), (1, 5), (1, 6)]
success=True

phase=test, time=evening
steps=19
trajectory=[(1, 1), (1, 2), (2, 2), (2, 3), (3, 3), (4, 3), (5, 3), (6, 3), (6, 4), (6, 5), (6, 6), (6, 5), (5, 5), (5, 4), (4, 4), (3, 4), (2, 4), (1, 4), (1, 5), (1, 6)]
success=True

